                     |               Arquivo Ordenado                |       |                Arquivo Reverso                |       |               Arquivo Randômico               |
----------------------------------------------------------------------------------------------------------------------------------------------------------------------------------------------
Método               CompProg   CompEqua   MovProg    MovEqua    Tempo       CompProg   CompEqua   MovProg    MovEqua    Tempo       CompProg   CompEqua   MovProg    MovEqua    Tempo     
----------------------------------------------------------------------------------------------------------------------------------------------------------------------------------------------
Insercao Direta      2047       1023       1023       3069       2           1049599    262399     524799     525822     987         521073     262399     260536     264445     475       
----------------------------------------------------------------------------------------------------------------------------------------------------------------------------------------------
Insercao Binaria     20481      6585       1023       3069       5           550945     6585       524799     264445     752         282372     6585       261014     525822     363       
----------------------------------------------------------------------------------------------------------------------------------------------------------------------------------------------
Selecao Direta       1051645    523776     2046       3069       493         1051645    523776     2046       265213     493         1051645    523776     2046       7688       506       
----------------------------------------------------------------------------------------------------------------------------------------------------------------------------------------------
Bubble Sort          2049       1023       0          0          0           1049601    523776     1047552    1571328    1447        1048479    523776     519026     785664     959       
----------------------------------------------------------------------------------------------------------------------------------------------------------------------------------------------
Shake Sort           2050       1023       0          0          0           1049601    523776     1047552    1571328    1439        787970     523776     519026     785664     835       
----------------------------------------------------------------------------------------------------------------------------------------------------------------------------------------------
Shell Sort           24644      0          8204       0          15          33520      0          12642      0          23          39782      0          15773      0          28        
----------------------------------------------------------------------------------------------------------------------------------------------------------------------------------------------
Heap Sort            1050623    0          18684      0          506         1050623    0          16916      0          504         1050623    0          18534      0          528       
----------------------------------------------------------------------------------------------------------------------------------------------------------------------------------------------
Comp Sort            38381      0          0          0          18          38381      0          3284       0          21          38381      0          8348       0          25        
----------------------------------------------------------------------------------------------------------------------------------------------------------------------------------------------
Quick SEM Pivo       530937     0          0          0          260         532985     0          1024       0          279         31226      0          7474       0          17        
----------------------------------------------------------------------------------------------------------------------------------------------------------------------------------------------
Quick COM Pivo       11788      0          1024       0          5           12825      0          2048       0          6           22545      0          5920       0          12        
----------------------------------------------------------------------------------------------------------------------------------------------------------------------------------------------
Count Sort           6145       0          5120       0          13          6145       0          5120       0          13          6145       0          5120       0          13        
----------------------------------------------------------------------------------------------------------------------------------------------------------------------------------------------
Radix Sort           23657      0          17503      0          47          26582      0          20428      0          56          23471      0          17317      0          43        
----------------------------------------------------------------------------------------------------------------------------------------------------------------------------------------------
Bucket Sort          7198       0          2048       0          6           7198       0          2048       0          225         7198       0          2048       0          110       
----------------------------------------------------------------------------------------------------------------------------------------------------------------------------------------------
Gnome Sort           3070       0          0          0          1           3144703    0          1047552    0          2218        1560141    0          519026     0          964       
----------------------------------------------------------------------------------------------------------------------------------------------------------------------------------------------
Merge MULTIPLOS 2    33830      0          20480      0          31          33830      0          20480      0          31          33557      0          20480      0          32        
----------------------------------------------------------------------------------------------------------------------------------------------------------------------------------------------
Merge Sort           32762      0          20480      0          31          32762      0          20480      0          31          36620      0          20480      0          33        
----------------------------------------------------------------------------------------------------------------------------------------------------------------------------------------------
Tim Sort             1984       0          960        0          19          17344      0          8640       0          33          9794       0          4865       0          26        
----------------------------------------------------------------------------------------------------------------------------------------------------------------------------------------------
