                     |               Arquivo Ordenado                |       |                Arquivo Reverso                |       |               Arquivo Randômico               |
----------------------------------------------------------------------------------------------------------------------------------------------------------------------------------------------
Método               CompProg   CompEqua   MovProg    MovEqua    Tempo       CompProg   CompEqua   MovProg    MovEqua    Tempo       CompProg   CompEqua   MovProg    MovEqua    Tempo     
----------------------------------------------------------------------------------------------------------------------------------------------------------------------------------------------
Insercao Direta      255        127        127        381        0           16511      4127       8255       8382       14          8483       4127       4241       4381       7         
----------------------------------------------------------------------------------------------------------------------------------------------------------------------------------------------
Insercao Binaria     1793       557        127        381        0           10392      557        8255       4381       11          6060       557        4300       8382       6         
----------------------------------------------------------------------------------------------------------------------------------------------------------------------------------------------
Selecao Direta       16765      8128       254        381        8           16765      8128       254        4477       8           16765      8128       254        694        7         
----------------------------------------------------------------------------------------------------------------------------------------------------------------------------------------------
Bubble Sort          257        127        0          0          0           16513      8128       16256      24384      21          16507      8128       8228       12192      14        
----------------------------------------------------------------------------------------------------------------------------------------------------------------------------------------------
Shake Sort           258        127        0          0          0           16513      8128       16256      24384      21          12353      8128       8228       12192      12        
----------------------------------------------------------------------------------------------------------------------------------------------------------------------------------------------
Shell Sort           1970       0          649        0          1           2782       0          1055       0          1           2924       0          1126       0          2         
----------------------------------------------------------------------------------------------------------------------------------------------------------------------------------------------
Heap Sort            16639      0          1548       0          9           16639      0          1360       0          9           16639      0          1532       0          9         
----------------------------------------------------------------------------------------------------------------------------------------------------------------------------------------------
Comp Sort            2829       0          0          0          1           2829       0          328        0          1           2829       0          640        0          1         
----------------------------------------------------------------------------------------------------------------------------------------------------------------------------------------------
Quick SEM Pivo       9017       0          0          0          4           9273       0          128        0          4           2664       0          532        0          1         
----------------------------------------------------------------------------------------------------------------------------------------------------------------------------------------------
Quick COM Pivo       1097       0          128        0          0           1235       0          256        0          0           2144       0          552        0          1         
----------------------------------------------------------------------------------------------------------------------------------------------------------------------------------------------
Count Sort           769        0          640        0          1           769        0          640        0          2           769        0          640        0          1         
----------------------------------------------------------------------------------------------------------------------------------------------------------------------------------------------
Radix Sort           2303       0          1655       0          4           2532       0          1884       0          5           2454       0          1806       0          4         
----------------------------------------------------------------------------------------------------------------------------------------------------------------------------------------------
Bucket Sort          926        0          256        0          0           926        0          256        0          4           926        0          256        0          2         
----------------------------------------------------------------------------------------------------------------------------------------------------------------------------------------------
Gnome Sort           382        0          0          0          0           49023      0          16256      0          37          25058      0          8228       0          18        
----------------------------------------------------------------------------------------------------------------------------------------------------------------------------------------------
Merge MULTIPLOS 2    3098       0          1792       0          3           3098       0          1792       0          3           3066       0          1792       0          2         
----------------------------------------------------------------------------------------------------------------------------------------------------------------------------------------------
Merge Sort           3130       0          1792       0          2           3130       0          1792       0          2           3424       0          1792       0          2         
----------------------------------------------------------------------------------------------------------------------------------------------------------------------------------------------
Tim Sort             248        0          120        0          1           2168       0          1080       0          2           1276       0          634        0          2         
----------------------------------------------------------------------------------------------------------------------------------------------------------------------------------------------
